$ANSIBLE_VAULT;1.1;AES256
66333433386566636664303638646130306234343833336536633738376634363761353466333537
6361623765353563333064316633643161656566613130390a303730303036313562316433663233
64383635363036363065386238323937366332663565383061643265646165326239646433356230
6236316166353337370a376537643564303330323864383332383361353764663931373533613738
37373234386236373438313734366562386261353863623535663233643566376130616130376339
66333531653930306462366230343962326138626131313932383731373562633565336339636539
62653038346161396562393233396432636233623131633537376262363835326463636335383266
39343663613763623962616365303434353831646162633665306163306464663032623233353662
37333464393234353433353238663530626563323634633630386238333466623364336662663130
30663432333236616165386465663663386265346434663662653637626530313236663031653538
38653134616138626462656563346230323366613937303266346161303138366161346464636333
33663934393463386239663834346233356533303462656462343164663465653331626639353338
63643235633464653561363930653133643431373663623133323034383436613634363831656133
64383365326261393462336639643033663333663762623035333631396531316661633430643737
663837333432333331616233303237353030
