$ANSIBLE_VAULT;1.1;AES256
33646161666164316665326135346235666161653861396234383939333738333035323766643066
3861383761316339653832363864626330666565353836350a316164663164383936646464346663
39393062616133353761306639613638396138313663613238386662336532656465353966383338
6530633266333236330a356462616665613337353935613763333164636364663133636233363231
37653138626436396164393432303266343536343466653538323934383261313065376163313636
39313233343139633533636361663534643437373431333630646536616264316535666566323236
64373365656162333530383461363731356264386530343932653664303265323666333663313231
30333939353066613165373464646164616135346639333136366461663765363662613430636434
66353366663535386665633933343361623336353834316561303865613239623134363832363365
61323163383563653435636561623334376465356264313764326435353139633064656333666138
36643437666163646235363634373861633930396134613661656163363032633562636538363466
37663139313862623732306636346334393665336630656233643864386264663964333461343262
35313332633132303437303431633232623461336339626266306137386261396330656466353338
35633138323534343365313134383161646532386361613535626265323638333837616465646437
61356463303466386537376135303863393731666232623138323937613832666636346366643131
30303838343830343234376436363036353838663861393863643665663138623138353038333237
39613737653265663239396532653561323161323163646238326532353063623736653031383630
37633462653934373564643830613032626536313065313137653761313766316232306238316562
66336431613666393764616539646565623863653962633236383735386166313766343264356266
39356263313835313663303364393165393063646464393137303836326262626331303535356430
32636363363030643264353032383034326566333861666466646163343034656263383138646237
34363766666232326238373564613732306461396537613538623461343631323430366233653830
65613337623765633938623036663064373933613335383463373032383366396439363430353136
62373132353538613335643966396437366635396439393965666239376162363266343731616264
64656264376135366532653065346233343164663831333231363262656662633061656336346131
64613732623161653633313064333538326234633662616135393934326134643532386563613137
38303230613939303637313665646135363438393266653062396339626465346534613866633363
62313536643164623930306434626464343636323431623966663433393534363831396436316539
30313862656333663036633038323638666336393235646332386131326162343862396165646435
39343839383933613462616263663463643332336566323135346539616633306564323762353430
38623631323963356365363338313934396137343962373662613336303630353937653832613962
66633336313261396564613362646435393162363631616637656632623664303661303761653138
63643232646263366334353036313337623636306239616438343161313563653161656635643030
35376530303163346164653264633439666131386663626334363531663033386337653930373139
37626462353631343932393666373638386432323465316534373662663332386539353239393531
38643461383633333963363335393239353764626361383964356239316135383833313337353739
31613534656261313937663331623266383230376631636563353338636330623930343439633365
64353033353035356237363933336537663830663538663439323138393239383734383934376566
62383066333166663831313634623432366165626162653639353030373930636663393730366164
62316134616231333533626262663930336261353463666663623232633839613030333631313739
36373165373233383039333335633933353665313261356362316434313561343739636461326131
39616535316163663466336434623639356531316235633432663835326136323935613062333137
38633463613763383762616461643837663161616363663230643130396333626135616634663564
39626264336136306632326338376463316133393134393566323864356133363838633963376532
64323438663630626261663137636264643535383666323964633861633238623162396232303532
31316465323166393438363261653035613131653438616337323535316163396132333530616135
38616335666331313866623463623235373439613133343637353536613938636561666233396538
64363838353332656339623038613839646536306365646166333366656435343735613632616631
65636564373866656436653666626134383439333833366463613563636330353565393733356232
66643562636136373938653561303537303935356233653334336266656563353036393637323732
39643630636238663831653236386436653264616639393938636261336639323864353063326239
62316632376131366563393737646162633032623637633030356664636166316462383464333162
32313565306330323436613339353664326366326462616634653738613633356530613261383738
65343436373335333536323035323963353864356231326431643063663831383962383866346331
32313432303931656638353661316666653634346562616134316131623439366633353761336134
34366338323837303035373638383663313632626637316363313762653034653966613365363933
37303835383635623433613063313663636335376538373232623934613433616636393965306632
34613136366562663431623530386162653466316637363464353335333237626134323865653037
66323630303262356365646465303162333064333034333861356566633637663461383462636335
30646437373639313830636462366234666634326135313666316266353439333933656136323066
38643562323838353732343163376136373263353831343134613834376331313264303033306264
64333765636535363839343261336139323966643538356439343066343230613937343736643463
623065623763636265636136653735623564
