$ANSIBLE_VAULT;1.1;AES256
33363861303136636234663934363634613530643239613939333135643765303934333064653131
3361663065653235653635623063343965336561373436300a383437653666623338303235646633
31666463316437326265323738663562396265303739643730633365326233333131373130613632
3661383133323864370a653535356634666334303837323435363034373763623262313664316133
63656164616433333561303763653963373838343236393966396362343932666135303034626662
31393832313463663434373161313138663639343139666464313361336438376234653663393264
62646131373533353436306539623531333934356439393464366430646564306133383030356436
34663664383430393639303734643064623362653466316562643139333836303535646166643263
38366463633838373739333461313163343463653233386363656166366632373937313963363436
35613430336431353239373362336662663332363539613030366133326466666534663331383165
66636633343531353932646361313164323266363430623438353163363437353664366431323034
34636662643037656539623832626465383033366662333233663466353466616531636333393831
66613739653630346239623063306435633639393532656433623362313935313032
